1 0.428125 0.4890625 0.27890625 0.240625
1 0.859375 0.49765625 0.28046875 0.21484375
1 0.15859375 0.5234375 0.25625 0.22265625
1 0.54765625 0.671875 0.22890625 0.21484375
1 0.17265625 0.78828125 0.27578125 0.253125
1 0.45546875 0.859375 0.2390625 0.240625
1 0.8140625 0.815625 0.21796875 0.1984375
1 0.39375 0.2390625 0.29375 0.2921875
1 0.85234375 0.27421875 0.22265625 0.23046875
1 0.16328125 0.29921875 0.253125 0.2453125
1 0.59609375 0.3515625 0.21640625 0.21953125
1 0.58984375 0.13515625 0.240625 0.2046875