1 0.81640625 0.7875 0.0859375 0.13125
1 0.66328125 0.58984375 0.0375 0.06171875
1 0.61953125 0.4671875 0.0484375 0.075
1 0.58359375 0.58046875 0.0328125 0.0484375
1 0.559375 0.69140625 0.0765625 0.1296875
1 0.50859375 0.625 0.0484375 0.0734375
1 0.4046875 0.6703125 0.0890625 0.134375
1 0.44296875 0.74921875 0.05390625 0.1171875
1 0.6734375 0.4234375 0.04375 0.06015625
1 0.32421875 0.45703125 0.0421875 0.084375
1 0.234375 0.4109375 0.0390625 0.0875
1 0.3046875 0.5265625 0.040625 0.06015625
1 0.346875 0.61015625 0.06171875 0.10234375
1 0.25703125 0.59609375 0.06484375 0.0734375