1 0.25234375 0.62265625 0.09921875 0.08671875
1 0.05 0.640625 0.07265625 0.06796875
1 0.52890625 0.62890625 0.06796875 0.09140625
1 0.75390625 0.634375 0.0546875 0.06796875
1 0.671875 0.6765625 0.0390625 0.09453125
1 0.2609375 0.70625 0.10078125 0.08828125
1 0.85234375 0.73828125 0.0609375 0.06796875
1 0.940625 0.75703125 0.06953125 0.11484375
1 0.09140625 0.7421875 0.08203125 0.07421875
1 0.575 0.78515625 0.09140625 0.08515625
1 0.5 0.78984375 0.06484375 0.08828125
1 0.26328125 0.81015625 0.0609375 0.10703125
1 0.8078125 0.8515625 0.06953125 0.08984375
1 0.8859375 0.878125 0.059375 0.10703125
1 0.33671875 0.88828125 0.0546875 0.10859375
1 0.6453125 0.890625 0.07734375 0.09609375
1 0.72890625 0.8796875 0.09453125 0.09453125
1 0.5296875 0.946875 0.078125 0.10625
1 0.13359375 0.9734375 0.06328125 0.053125
1 0.6953125 0.159375 0.33671875 0.228125
1 0.646875 0.3859375 0.39609375 0.2171875