1 0.4171875 0.5015625 0.28359375 0.24453125
1 0.85625 0.5109375 0.28671875 0.21796875
1 0.14375 0.53671875 0.2609375 0.2265625
1 0.53828125 0.6875 0.2328125 0.21796875
1 0.15703125 0.80546875 0.28046875 0.25703125
1 0.446875 0.87734375 0.24375 0.2453125
1 0.809375 0.83359375 0.22109375 0.2015625
1 0.38203125 0.24765625 0.2984375 0.296875
1 0.8484375 0.28359375 0.2265625 0.234375
1 0.14765625 0.309375 0.25703125 0.24921875
1 0.5875 0.3625 0.21953125 0.22265625
1 0.58125 0.14296875 0.24453125 0.2078125