1 0.07109375 0.85859375 0.1421875 0.28203125
1 0.3625 0.7859375 0.09765625 0.21796875
1 0.28515625 0.8953125 0.09140625 0.1859375
1 0.128125 0.61796875 0.10625 0.2125
1 0.04296875 0.18046875 0.0859375 0.17265625
1 0.62265625 0.5984375 0.07421875 0.146875
1 0.78125 0.80625 0.11171875 0.20078125
1 0.84609375 0.9265625 0.0671875 0.11328125
0 0.88671875 0.66484375 0.165625 0.3296875
0 0.72265625 0.53125 0.1265625 0.3328125
0 0.48828125 0.58984375 0.20234375 0.42265625
0 0.3390625 0.340625 0.1890625 0.38984375
0 0.165625 0.2921875 0.17890625 0.36171875
0 0.5421875 0.12265625 0.1890625 0.2453125