1 0.45390625 0.51484375 0.27890625 0.240625
1 0.87265625 0.5234375 0.2546875 0.21484375
1 0.184375 0.54921875 0.25625 0.22265625
1 0.5734375 0.69765625 0.22890625 0.21484375
1 0.1984375 0.8140625 0.27578125 0.253125
1 0.48203125 0.88203125 0.2390625 0.23515625
1 0.83984375 0.84140625 0.21796875 0.1984375
1 0.41953125 0.26484375 0.29375 0.2921875
1 0.878125 0.3 0.22265625 0.23046875
1 0.1890625 0.325 0.253125 0.2453125
1 0.621875 0.37734375 0.21640625 0.21953125
1 0.615625 0.1609375 0.240625 0.2046875