1 0.43515625 0.1390625 0.2796875 0.17109375
1 0.7359375 0.29453125 0.234375 0.15
1 0.86015625 0.56171875 0.16796875 0.07421875
1 0.4296875 0.3578125 0.1203125 0.08203125
1 0.2140625 0.69453125 0.1390625 0.09140625
1 0.41015625 0.87578125 0.1328125 0.06015625
1 0.7234375 0.85 0.08203125 0.04921875
1 0.74609375 0.628125 0.1234375 0.06015625
0 0.71015625 0.45 0.21328125 0.07578125
0 0.9015625 0.32578125 0.16953125 0.09140625
1 0.4453125 0.51171875 0.1109375 0.08984375
1 0.22109375 0.3953125 0.1125 0.1203125
1 0.625 0.9203125 0.1296875 0.04609375