1 0.4890625 0.425 0.13671875 0.07578125
1 0.76015625 0.6125 0.1828125 0.16484375
1 0.10390625 0.634375 0.2078125 0.1796875
1 0.59921875 0.6390625 0.13671875 0.1234375
1 0.35859375 0.66796875 0.14375 0.13671875
1 0.03203125 0.73046875 0.0640625 0.1703125
1 0.43125 0.796875 0.1765625 0.1453125
1 0.309375 0.825 0.10078125 0.0921875
1 0.70703125 0.82265625 0.13515625 0.12578125
1 0.88125 0.8640625 0.22734375 0.14375
1 0.24765625 0.13046875 0.121875 0.09765625
1 0.7078125 0.13515625 0.2125 0.22109375
0 0.4796875 0.34765625 0.2984375 0.2890625
0 0.68515625 0.45703125 0.2703125 0.2015625
0 0.92890625 0.640625 0.1421875 0.2375