1 0.8515625 0.53515625 0.22265625 0.20625
1 0.815625 0.74296875 0.1828125 0.17421875
1 0.6625 0.946875 0.13203125 0.10625
1 0.51484375 0.946875 0.17890625 0.10625
1 0.5125 0.52109375 0.1015625 0.11015625
1 0.6890625 0.5640625 0.08125 0.07734375
1 0.1734375 0.56953125 0.26015625 0.22265625
1 0.8890625 0.12421875 0.13828125 0.13203125
1 0.8359375 0.23359375 0.11328125 0.1015625
1 0.76640625 0.3703125 0.20625 0.20234375
1 0.56484375 0.4046875 0.2125 0.19921875
1 0.290625 0.21796875 0.165625 0.1484375
1 0.21484375 0.34765625 0.16875 0.1484375
1 0.20234375 0.4484375 0.1203125 0.1203125
0 0.58671875 0.65 0.34453125 0.3078125
1 0.72265625 0.13125 0.20234375 0.17265625