1 0.4875 0.47734375 0.1375 0.0765625
1 0.21484375 0.66640625 0.184375 0.16640625
1 0.88515625 0.68828125 0.22890625 0.18125
1 0.37734375 0.69375 0.1375 0.12421875
1 0.61875 0.72265625 0.14453125 0.1375
1 0.9578125 0.78515625 0.084375 0.17109375
1 0.5453125 0.85234375 0.178125 0.14609375
1 0.66875 0.88046875 0.1015625 0.09296875
1 0.26796875 0.878125 0.1359375 0.1265625
1 0.10390625 0.91953125 0.2078125 0.14453125
1 0.73125 0.18125 0.12265625 0.09765625
1 0.2671875 0.1859375 0.2140625 0.22265625
0 0.49765625 0.39921875 0.30078125 0.290625
0 0.290625 0.51015625 0.27265625 0.20234375
0 0.05859375 0.69453125 0.1171875 0.2390625