1 0.92578125 0.8546875 0.14765625 0.290625
1 0.640625 0.775 0.09453125 0.209375
1 0.7140625 0.8796875 0.0875 0.17890625
1 0.865625 0.61328125 0.10234375 0.2046875
1 0.95078125 0.19296875 0.0890625 0.165625
1 0.390625 0.5953125 0.07109375 0.14140625
1 0.2375 0.79453125 0.10703125 0.19296875
1 0.175 0.91015625 0.06484375 0.10859375
0 0.13671875 0.65859375 0.159375 0.31640625
0 0.29375 0.5296875 0.121875 0.31953125
0 0.51953125 0.5859375 0.19453125 0.40546875
0 0.66328125 0.346875 0.18203125 0.375
0 0.8296875 0.3 0.171875 0.34765625
0 0.4671875 0.12734375 0.18203125 0.2546875