1 0.8625 0.496875 0.21640625 0.2
1 0.828125 0.6984375 0.17734375 0.16875
1 0.67890625 0.903125 0.128125 0.11796875
1 0.5359375 0.91796875 0.1734375 0.14765625
1 0.565625 0.96796875 0.18046875 0.0640625
1 0.53359375 0.4828125 0.0984375 0.10625
1 0.7046875 0.52421875 0.07890625 0.07578125
1 0.20390625 0.5296875 0.25234375 0.21640625
1 0.89921875 0.09765625 0.134375 0.128125
1 0.84765625 0.20390625 0.11015625 0.0984375
1 0.7796875 0.3359375 0.2 0.196875
1 0.584375 0.36953125 0.20625 0.19375
1 0.31796875 0.18828125 0.1609375 0.14453125
1 0.24453125 0.31484375 0.1640625 0.14453125
1 0.2328125 0.4125 0.11640625 0.11640625
0 0.60546875 0.6078125 0.334375 0.2984375
1 0.7375 0.10390625 0.196875 0.1671875