1 0.79453125 0.6234375 0.10859375 0.09453125
1 0.98828125 0.64296875 0.0234375 0.0734375
1 0.4921875 0.63046875 0.07421875 0.1
1 0.246875 0.63671875 0.06015625 0.07421875
1 0.3359375 0.6828125 0.04296875 0.103125
1 0.78515625 0.71484375 0.11015625 0.09609375
1 0.1390625 0.75 0.0671875 0.07421875
1 0.04296875 0.7703125 0.07578125 0.12578125
1 0.96328125 0.75234375 0.0734375 0.0796875
1 0.4421875 0.8015625 0.1 0.09296875
1 0.52421875 0.80703125 0.0703125 0.09609375
1 0.7828125 0.82890625 0.0671875 0.1171875
1 0.1875 0.8734375 0.07578125 0.09765625
1 0.10234375 0.903125 0.065625 0.1171875
1 0.703125 0.9140625 0.06015625 0.11875
1 0.36484375 0.91640625 0.084375 0.1046875
1 0.27421875 0.9046875 0.103125 0.103125
1 0.490625 0.96015625 0.084375 0.07890625
1 0.925 0.98828125 0.06875 0.0234375
1 0.3109375 0.12109375 0.36796875 0.2421875
1 0.36328125 0.36484375 0.4328125 0.2375